# Camera parameter file. 

# The format of each camera is as follows:
# Filename (of the undistorted image in visualize folder)
# Original filename
# Focal Length (of the undistorted image)
# 2-vec Principal Point (image center)
# 3-vec Translation T (as in P = K[R T])
# 3-vec Camera Position C (as in P = K[R -RC])
# 3-vec Axis Angle format of R
# 4-vec Quaternion format of R
# 3x3 Matrix format of R
# [Normalized radial distortion] = [radial distortion] * [focal length]^2
# 3-vec Lat/Lng/Alt from EXIF

# The nubmer of cameras in this reconstruction
11

00000000.jpg
C:\Users\Notebook\Desktop\FIIT-STU-BC\FIIT-STU-BP\Bachelor_app\Temp\100_7100.JPG
2966.75756836
1416 1064
-0.0822652020131 0.185050539374 0.842863646181
-0.380399740287 0.0100280792312 -0.778861369902
-0.223572561049 -0.547891449672 0.053789631452
0.956191090211 -0.110149050812 -0.269933496517 0.0265009123667
0.852868001224 0.00878590979575 -0.522054216695
0.110145654946 0.974330835726 0.196340239183
0.510377800582 -0.224953924743 0.830006767047
0.194745636153
0 0 0

00000001.jpg
C:\Users\Notebook\Desktop\FIIT-STU-BC\FIIT-STU-BP\Bachelor_app\Temp\100_7101.JPG
2973.07275391
1416 1064
-0.993403935943 0.286699666798 1.2716094191
0.375567688164 0 -1.59530096627
-0.206197416231 -0.421006062136 0.0206798162913
0.972602197482 -0.102155417676 -0.208577056434 0.0102453042784
0.912781436322 0.0226852222188 -0.407818170903
0.0625436440391 0.978918326292 0.194439196839
0.403631842825 -0.202987138028 0.892120375572
0.191004099853
0 0 0

00000002.jpg
C:\Users\Notebook\Desktop\FIIT-STU-BC\FIIT-STU-BP\Bachelor_app\Temp\100_7102.JPG
2983.29589844
1416 1064
-1.5583542581 0.306194283089 1.66381693465
0.976114206638 -0.00186861417139 -2.08271497431
-0.167528723932 -0.306822496083 0.00994954457742
0.984750920502 -0.0833381510689 -0.152630658968 0.00494945958877
0.953359430877 0.0156918250815 -0.301431498452
0.0351877646256 0.986060564589 0.162623785527
0.299781229212 -0.165645498385 0.939517506251
0.188965269081
0 0 0

00000003.jpg
C:\Users\Notebook\Desktop\FIIT-STU-BC\FIIT-STU-BP\Bachelor_app\Temp\100_7103.JPG
2969.27978516
1416 1064
-1.85364429071 0.380881912674 1.76881920684
1.40517587161 -0.0112164088381 -2.176035499
-0.202080917175 -0.223699870566 0.0194794827999
0.988614801899 -0.100656711536 -0.111425134332 0.0097027503065
0.974981996798 0.00324675487072 -0.222266378791
0.0416158851592 0.979548775691 0.196859164764
0.218359769625 -0.201183694976 0.954906133647
0.191255242237
0 0 0

00000004.jpg
C:\Users\Notebook\Desktop\FIIT-STU-BC\FIIT-STU-BP\Bachelor_app\Temp\100_7104.JPG
2972.68383789
1416 1064
-2.32948468928 0.388268972735 2.15850292263
2.13037365561 -0.00895071339408 -2.38700626056
-0.18418172076 -0.0857120256215 0.0182057907127
0.994804686479 -0.0919313247776 -0.042781770266 0.00908712575786
0.996175028735 -0.0102137880799 -0.0867899822524
0.0259458730823 0.982933307433 0.182129988549
0.0834480399736 -0.183684862343 0.979437120794
0.194621388956
0 0 0

00000005.jpg
C:\Users\Notebook\Desktop\FIIT-STU-BC\FIIT-STU-BP\Bachelor_app\Temp\100_7105.JPG
2967.35864258
1416 1064
-2.81964858165 0.447735653721 2.35649644128
2.81977984694 -0.010037751481 -2.39847528372
-0.199916162073 0.00138979744457 0.013854553245
0.994984326334 -0.0997909060503 0.00069373653827 0.00691569109222
0.99990396614 -0.0139004291432 0
0.0136235878269 0.979988561725 0.198590451907
-0.00276102792873 -0.198571097816 0.980082710735
0.194809008917
0 0 0

00000006.jpg
C:\Users\Notebook\Desktop\FIIT-STU-BC\FIIT-STU-BP\Bachelor_app\Temp\100_7106.JPG
2977.85083008
1416 1064
-3.22624072487 0.421024272549 2.50652250841
3.45837682419 0 -2.21543941631
-0.199863287477 0.0993151003289 0.015739702305
0.993749504469 -0.0997233494182 0.049554045556 0.00785344748663
0.994965692873 -0.0254921151019 0.0969223381343
0.00572532309089 0.979987312528 0.198978403107
-0.100054894729 -0.197421713166 0.975199305127
0.184807858304
0 0 0

00000007.jpg
C:\Users\Notebook\Desktop\FIIT-STU-BC\FIIT-STU-BP\Bachelor_app\Temp\100_7107.JPG
3009.94824219
1416 1064
-3.46731002771 0.533008635416 2.64515292102
4.04872114193 0.00473552070263 -1.70616927679
-0.2546750173 0.2649428655 0.00596324256756
0.983161343375 -0.126621972215 0.131727047708 0.00296486692218
0.965278530344 -0.0391889725154 0.258267448455
-0.0275292023308 0.967916528474 0.249760774897
-0.259768316278 -0.248198538316 0.933229849607
0.18663732179
0 0 0

00000008.jpg
C:\Users\Notebook\Desktop\FIIT-STU-BC\FIIT-STU-BP\Bachelor_app\Temp\100_7108.JPG
2979.98730469
1416 1064
-4.00051156994 0.476703114841 2.49818778125
4.62779723432 0.00107128952608 -1.02750327674
-0.234422123992 0.348783084001 -0.0133202010152
0.977983662337 -0.116349606683 0.173109832597 -0.00661115138228
0.939978794295 -0.0273512927983 0.340135551269
-0.0532136849627 0.972837896218 0.225287030253
-0.33705880101 -0.22986502757 0.912991484676
0.175986968006
0 0 0

00000009.jpg
C:\Users\Notebook\Desktop\FIIT-STU-BC\FIIT-STU-BP\Bachelor_app\Temp\100_7109.JPG
2987.06005859
1416 1064
-4.25369877469 0.430451131775 2.7885673216
5.08523021975 -5.55111512313e-017 -0.442473996191
-0.232909831828 0.500346353588 -0.0092506269772
0.962156243729 -0.114982145399 0.247009311401 -0.00456681853137
0.877931061837 -0.0480153371194 0.47637328665
-0.0655913089751 0.973516440369 0.219005469374
-0.474272918246 -0.22351768708 0.851531047181
0.178552420124
0 0 0

00000010.jpg
C:\Users\Notebook\Desktop\FIIT-STU-BC\FIIT-STU-BP\Bachelor_app\Temp\100_7110.JPG
2950.17260742
1416 1064
-4.72504298619 0.430239896579 2.40447959741
5.30637261956 -0.0157132839737 0.367185854447
-0.112017914219 0.543183851448 -0.0577432281827
0.96138474228 -0.055286150468 0.268086978339 -0.0284990202153
0.854634302366 0.0251540688344 0.518620679695
-0.0844400239855 0.992262609256 0.0910221307384
-0.512318242624 -0.121582915339 0.850145579136
0.139538182968
0 0 0

